sliding
0 921 1254 1778 2063 2437 2742
window
0 1703 1778 1841 2742
maximum
0 17 25 28 32 82 120 132 135 141 159 218 234 248 250 256 261 269 281 310 326 330 334 335 341 348 353 371 401 406 413 418 448 466 474 482 497 511 515 542 563 575 586 591 598 623 636 646 688 700 703 711 713 725 746 749 792 832 840 850 855 883 885 900 919 925 928 937 944 952 965 966 979 982 1001 1014 1016 1018 1037 1039 1060 1078 1079 1088 1093 1096 1103 1117 1157 1168 1206 1211 1221 1227 1228 1231 1252 1261 1268 1295 1297 1299 1319 1358 1374 1384 1397 1399 1404 1445 1448 1461 1477 1498 1509 1512 1531 1534 1545 1567 1572 1573 1578 1583 1596 1613 1623 1624 1645 1654 1679 1683 1705 1751 1768 1776 1779 1812 1834 1845 1857 1883 1889 1895 1908 1921 1923 1990 2008 2027 2036 2077 2105 2112 2138 2146 2152 2159 2162 2176 2191 2196 2241 2244 2279 2292 2309 2327 2334 2389 2390 2392 2416 2430 2436 2438 2467 2525 2534 2544 2552 2577 2581 2589 2615 2633 2639 2640 2642 2653 2675 2690 2692 2700 2709 2710 2713 2727 2730 2748 2787 2798 2815 2818 2821 2828 2829 2832 2834 2844
surrounded
1 2756
regions
1 2756
consecutive
2 54 93 125 364 590 789 908 973 983 1062 1079 1187 1264 1330 1416 1487 1526 1614 1734 1823 2017 2208 2224 2263 2275 2469 2570 2634 2769
numbers
2 62 122 165 239 252 268 291 301 334 338 357 370 456 522 562 590 608 665 770 824 917 939 992 1015 1048 1090 1134 1173 1248 1297 1327 1398 1487 1552 1628 1728 1732 1760 1823 1904 1911 1934 1976 2035 2096 2131 2263 2299 2344 2364 2367 2391 2447 2477 2644 2706 2717 2749 2779 2812
sum
2 8 9 17 21 26 80 84 91 125 141 142 180 226 234 247 250 261 268 276 303 313 356 360 391 413 444 444 463 482 498 509 525 530 545 548 551 558 573 592 602 608 619 665 691 700 723 726 759 770 830 834 861 870 871 898 905 914 932 948 964 982 983 992 997 1008 1037 1043 1054 1058 1075 1081 1082 1089 1098 1103 1112 1137 1166 1168 1194 1247 1265 1278 1294 1304 1333 1363 1376 1389 1395 1397 1404 1410 1423 1437 1445 1461 1481 1493 1510 1512 1524 1529 1530 1564 1564 1596 1603 1623 1679 1683 1690 1725 1735 1736 1743 1749 1779 1818 1837 1878 1885 1891 1902 1905 1938 1957 1990 2006 2035 2041 2049 2100 2102 2112 2116 2123 2152 2162 2177 2205 2242 2244 2310 2315 2318 2345 2356 2370 2377 2387 2400 2418 2430 2436 2448 2448 2473 2476 2517 2528 2536 2541 2547 2565 2581 2585 2591 2621 2627 2653 2657 2700 2735 2751 2782 2801 2803 2812 2818 2832
beautiful
3 231 899 903 1052 1260 1309 1738 1794 1853 1903 1927 2127 2170 2340 2507 2775
arrangement
3 1794 1927 2340
ii
3 42 46 73 76 91 95 108 112 118 127 157 174 187 220 224 226 233 236 275 284 312 361 395 453 465 491 520 531 555 672 690 694 720 735 752 791 816 824 837 856 884 1054 1116 1123 1182 1184 1185 1187 1191 1208 1238 1256 1265 1273 1307 1312 1321 1354 1371 1373 1427 1432 1433 1466 1471 1483 1490 1494 1503 1505 1535 1537 1540 1555 1676 1682 1712 1720 1754 1766 1783 1815 1826 1827 1856 1865 1866 1893 1904 1927 1935 1945 1983 2000 2011 2016 2030 2032 2047 2083 2103 2106 2173 2178 2205 2283 2300 2311 2319 2329 2370 2373 2379 2383 2415 2420 2424 2434 2439 2453 2517 2545 2549 2560 2561 2586 2616 2635 2636 2659 2660 2661 2666 2800
maximize
4 78 142 185 279 319 652 970 1130 1132 1199 1306 1912 2505 2699 2782
win
4 209 1347 2414
from
4 35 37 46 76 107 125 242 285 287 417 507 515 536 549 586 591 599 614 746 750 772 806 859 860 986 1088 1117 1132 1157 1196 1223 1244 1268 1316 1386 1411 1414 1416 1438 1452 1460 1470 1549 1554 1592 1832 1914 1916 2028 2047 2128 2197 2243 2280 2297 2308 2371 2397 2482 2532 2577 2610 2699 2727 2768 2769
two
4 9 33 106 157 180 186 213 226 248 335 338 373 427 453 525 548 562 643 677 684 726 824 833 844 846 849 911 919 966 984 994 997 1045 1049 1150 1195 1230 1297 1302 1365 1394 1397 1421 1447 1460 1547 1554 1573 1586 1590 1603 1638 1653 1659 1740 1761 1767 1832 1839 1843 1857 1904 1924 1940 1956 1986 2028 2101 2118 2178 2190 2285 2342 2418 2453 2455 2456 2461 2462 2488 2517 2547 2589 2621 2644 2653 2678
segments
4 615 2793
number
5 10 23 33 34 59 66 75 78 82 85 90 96 102 104 105 109 111 113 115 120 123 126 140 145 155 157 162 177 185 201 204 205 215 216 219 229 232 235 242 245 255 259 269 276 282 289 292 300 301 306 308 317 328 330 336 337 347 353 358 369 385 386 393 401 411 415 422 423 429 462 477 487 499 533 542 553 561 562 562 563 564 571 580 613 613 615 622 623 629 632 655 661 682 686 709 715 721 732 740 746 749 754 755 764 766 770 774 797 811 834 838 863 864 880 883 887 898 899 901 922 924 939 947 951 953 965 968 976 980 983 985 989 996 1014 1018 1030 1039 1043 1066 1068 1074 1078 1093 1100 1121 1127 1132 1144 1150 1152 1170 1186 1190 1201 1206 1210 1214 1242 1243 1260 1268 1276 1289 1291 1292 1293 1295 1296 1307 1309 1311 1319 1328 1337 1378 1393 1427 1431 1453 1456 1460 1471 1502 1506 1527 1532 1533 1545 1552 1562 1568 1572 1578 1582 1584 1585 1595 1597 1621 1629 1637 1639 1644 1664 1665 1667 1675 1697 1701 1713 1716 1727 1728 1745 1750 1752 1758 1777 1784 1810 1812 1813 1821 1824 1825 1832 1833 1834 1847 1851 1853 1855 1860 1863 1867 1870 1873 1874 1878 1879 1896 1899 1903 1912 1933 1946 1963 1964 1967 1969 1970 1976 1984 1987 1997 2003 2010 2022 2024 2034 2038 2039 2053 2072 2077 2082 2090 2109 2113 2122 2129 2140 2144 2154 2156 2197 2200 2207 2215 2217 2225 2229 2231 2242 2249 2251 2253 2264 2267 2291 2298 2305 2310 2312 2328 2336 2341 2349 2352 2355 2360 2365 2369 2372 2380 2390 2416 2429 2453 2456 2467 2477 2478 2481 2484 2507 2511 2511 2518 2533 2538 2552 2572 2573 2596 2606 2611 2613 2615 2616 2640 2644 2644 2652 2655 2661 2677 2679 2687 2688 2689 2690 2697 2699 2705 2706 2712 2714 2718 2723 2728 2730 2737 2743 2748 2772 2774 2785 2793 2835 2836 2838 2846
of
5 7 9 10 21 25 28 29 30 32 33 33 34 51 53 56 59 62 63 69 71 75 78 80 84 84 85 88 90 96 104 105 109 111 113 115 116 120 122 123 126 130 130 133 141 142 145 157 159 162 168 185 201 204 206 206 209 212 213 215 229 234 239 248 250 251 255 261 263 268 269 270 276 281 282 282 289 292 299 299 301 308 310 325 328 330 331 334 335 337 347 348 353 353 358 360 369 372 377 385 386 391 393 397 401 415 421 422 423 424 429 433 444 444 448 451 453 463 474 474 477 483 487 493 499 501 501 507 523 529 532 532 533 534 542 543 553 561 562 562 562 563 571 573 575 576 580 588 593 602 613 614 615 616 617 618 619 623 629 632 646 655 656 661 665 677 682 686 686 701 703 709 721 722 723 732 739 740 746 749 754 755 756 759 761 766 770 784 792 794 807 828 834 844 845 846 849 863 869 871 880 883 898 899 901 905 906 910 912 913 919 919 922 924 928 932 934 935 939 944 947 948 951 953 956 957 965 966 968 974 976 980 982 985 992 996 997 999 1008 1010 1014 1018 1024 1029 1030 1034 1039 1040 1043 1046 1047 1050 1055 1055 1066 1068 1077 1078 1081 1082 1088 1093 1100 1103 1106 1106 1109 1121 1126 1127 1130 1137 1138 1144 1150 1171 1174 1186 1190 1192 1195 1199 1201 1206 1209 1210 1211 1214 1215 1215 1228 1231 1237 1242 1243 1260 1268 1274 1276 1278 1278 1289 1291 1292 1293 1293 1296 1297 1302 1309 1311 1319 1327 1328 1336 1342 1357 1359 1365 1370 1378 1385 1389 1389 1393 1394 1396 1397 1399 1404 1405 1410 1419 1424 1437 1447 1453 1456 1457 1459 1468 1476 1481 1482 1487 1491 1498 1502 1504 1506 1511 1524 1527 1528 1529 1529 1532 1533 1533 1534 1541 1545 1547 1552 1562 1563 1564 1568 1570 1572 1573 1573 1577 1578 1578 1582 1584 1585 1595 1596 1597 1599 1607 1609 1611 1611 1615 1617 1621 1624 1625 1631 1632 1637 1639 1645 1648 1649 1652 1653 1656 1659 1664 1665 1665 1669 1675 1675 1679 1690 1701 1716 1718 1725 1727 1730 1740 1751 1752 1758 1760 1763 1768 1777 1779 1789 1801 1807 1810 1812 1812 1813 1816 1819 1821 1823 1824 1830 1833 1834 1835 1842 1844 1847 1851 1853 1857 1860 1862 1863 1867 1868 1870 1873 1878 1879 1884 1885 1886 1891 1892 1902 1903 1909 1912 1920 1924 1933 1937 1938 1946 1947 1958 1962 1963 1964 1966 1967 1969 1976 1979 1986 1987 2003 2010 2014 2024 2027 2034 2036 2038 2039 2048 2049 2054 2072 2082 2084 2090 2095 2096 2100 2109 2113 2116 2118 2120 2122 2126 2129 2134 2134 2138 2138 2144 2150 2152 2154 2160 2162 2174 2176 2178 2180 2190 2200 2209 2217 2225 2229 2237 2242 2244 2249 2250 2251 2253 2260 2267 2271 2277 2291 2292 2296 2298 2303 2305 2310 2315 2315 2318 2322 2324 2328 2331 2334 2335 2336 2336 2346 2349 2352 2355 2357 2358 2360 2365 2372 2375 2380 2381 2384 2385 2387 2387 2389 2390 2390 2401 2407 2407 2409 2414 2416 2429 2431 2436 2440 2447 2448 2448 2450 2453 2456 2456 2467 2467 2477 2478 2481 2484 2490 2492 2502 2507 2511 2513 2518 2523 2525 2533 2534 2535 2536 2538 2541 2544 2552 2565 2572 2573 2574 2583 2589 2591 2591 2593 2595 2596 2606 2607 2608 2612 2613 2615 2627 2627 2632 2640 2640 2643 2644 2644 2644 2652 2653 2655 2655 2670 2674 2676 2678 2679 2683 2687 2688 2689 2690 2693 2693 2705 2710 2713 2714 2718 2719 2723 2725 2728 2737 2743 2748 2749 2750 2751 2765 2782 2785 2791 2792 2793 2798 2806 2812 2820 2829 2830 2835 2836 2838
provinces
5
bus
6 60 173 241 2351 2417
routes
6 277 748 2070
hand
7 170 2014 2288
straights
7 2014
split
8 54 144 293 356 398 502 533 575 580 785 814 953 1031 1153 1907 1981 2099 2102 2167 2251 2372 2393 2533 2544 2759
with
8 30 59 66 89 110 119 135 164 165 246 255 260 261 268 282 296 301 323 326 346 378 404 426 440 444 448 502 516 534 542 547 548 556 588 589 591 619 641 646 653 664 666 707 721 724 730 741 758 763 767 773 800 826 843 867 881 895 909 914 930 936 938 988 1019 1021 1043 1082 1109 1112 1118 1169 1178 1192 1210 1231 1247 1257 1275 1290 1296 1299 1333 1342 1357 1367 1381 1398 1442 1445 1448 1451 1480 1508 1512 1544 1557 1560 1580 1605 1630 1643 1646 1647 1658 1665 1679 1683 1685 1705 1709 1711 1717 1736 1749 1753 1768 1785 1791 1795 1800 1818 1837 1872 1875 1878 1897 1905 1919 1934 1938 1943 1960 1967 2031 2050 2054 2062 2068 2087 2089 2099 2144 2147 2172 2180 2187 2209 2235 2238 2244 2252 2258 2271 2292 2326 2331 2332 2339 2367 2401 2406 2429 2441 2448 2464 2477 2491 2522 2548 2647 2664 2682 2711 2719 2740 2755 2777 2797 2803 2818 2829 2833 2834 2836
minimum
8 29 34 48 51 63 69 73 74 75 87 92 115 126 145 152 157 160 166 208 209 210 211 213 266 276 279 313 360 361 364 369 393 418 423 427 437 452 462 487 494 498 509 513 518 525 530 561 571 583 584 585 592 603 655 662 681 727 754 770 786 802 806 812 814 821 835 844 845 865 886 897 916 929 936 947 969 997 998 1002 1006 1007 1009 1020 1030 1052 1054 1062 1066 1067 1087 1089 1113 1114 1138 1147 1148 1168 1169 1242 1245 1269 1311 1312 1327 1328 1334 1342 1349 1357 1401 1449 1463 1464 1479 1489 1495 1502 1523 1537 1552 1562 1568 1579 1593 1595 1600 1605 1607 1616 1620 1633 1642 1663 1677 1702 1703 1706 1707 1713 1729 1734 1738 1752 1771 1775 1782 1785 1786 1795 1801 1807 1841 1847 1850 1851 1862 1877 1892 1896 1906 1913 1924 1925 1930 1940 1943 1963 1976 1980 1982 1995 2006 2024 2041 2043 2050 2056 2058 2064 2071 2076 2084 2089 2090 2097 2110 2122 2136 2166 2171 2180 2199 2209 2212 2221 2229 2249 2264 2287 2301 2310 2313 2318 2327 2329 2333 2365 2368 2388 2393 2414 2453 2473 2484 2504 2506 2520 2538 2540 2567 2570 2572 2636 2643 2648 2658 2666 2680 2687 2688 2689 2698 2721 2728 2749 2757 2766 2767 2775 2777 2784 2806 2831 2838
integers
9 575 746 813 922 924 968 983 1045 1112 1233 1285 1333 1416 1421 1539 1614 1727 1905 2154 2226 2267 2285 2305 2354 2544 2613 2622 2769
distinct
10 33 123 162 299 517 1173 1360 1466 1679 1727 2003 2129 2305 2424 2456 2717
roll
10 1429 2129 2537
sequences
10 554 916 1246 1809 2129 2268 2794
permutations
11 853 1182 1893 2211 2487
simplify
12 1993
path
12 91 143 156 321 326 333 413 439 509 530 664 762 844 852 885 886 897 909 960 1004 1021 1054 1080 1194 1342 1553 1557 1581 1636 1735 1765 1790 1906 1908 1993 1999 2098 2187 2209 2235 2370 2377 2451 2700 2740 2780 2819
domino
13 96 160 2002
and
13 80 101 119 122 131 135 140 191 194 198 418 421 451 467 474 480 504 556 582 599 601 614 634 639 658 673 709 730 742 760 779 791 817 834 927 944 980 1003 1015 1016 1036 1036 1072 1110 1136 1140 1168 1175 1239 1241 1253 1273 1278 1314 1323 1353 1363 1388 1411 1442 1452 1515 1517 1531 1564 1588 1596 1642 1651 1689 1744 1803 1807 1811 1827 1828 1859 1968 1973 2002 2008 2040 2116 2120 2138 2152 2158 2194 2200 2201 2220 2234 2242 2259 2299 2323 2327 2334 2338 2387 2432 2472 2475 2503 2527 2528 2542 2626 2654 2660 2696 2702 2731 2736 2833
tromino
13 2002
tiling
13 641 2002
self
14 62 456 1077 2447
crossing
14 1636
prime
15 252 299 365 629 733 810 987 1082 1938 2109 2135 2746 2809
palindrome
15 65 75 100 224 600 623 838 962 1011 1115 1275 1436 1455 1470 1505 1590 1715 1759 1770 1793 1804 1849 1855 1935 1963 2101 2119 2133 2135 2294 2545 2599 2816
find
16 72 80 89 100 129 150 214 232 258 274 291 301 329 331 333 336 358 372 421 424 433 466 490 493 501 510 517 532 535 537 548 589 601 609 616 619 651 653 670 675 702 717 750 763 770 771 793 794 825 842 846 860 883 925 958 972 983 1000 1026 1038 1046 1106 1108 1119 1126 1137 1177 1207 1247 1274 1275 1312 1320 1396 1416 1447 1467 1486 1489 1525 1548 1549 1571 1577 1638 1640 1641 1642 1655 1698 1702 1705 1732 1755 1761 1777 1806 1811 1837 1842 1868 1874 1886 1922 1955 1960 1962 1966 1986 2020 2081 2092 2116 2120 2133 2181 2193 2213 2241 2258 2259 2317 2332 2335 2361 2364 2407 2431 2438 2460 2477 2486 2490 2498 2503 2582 2596 2602 2610 2617 2636 2665 2674 2690 2698 2722 2724 2769 2797 2814 2834
elements
16 69 248 315 361 369 427 516 534 723 772 821 845 942 1126 1140 1227 1232 1244 1245 1251 1296 1300 1356 1442 1442 1445 1480 1594 1655 1862 1886 1940 2013 2015 2029 2031 2054 2064 2142 2317 2397 2484 2626 2786
in
16 17 18 21 49 72 88 116 121 133 143 148 163 164 171 173 177 182 185 202 220 237 248 252 264 266 274 291 304 329 330 332 333 339 343 344 347 357 370 384 396 416 421 422 433 434 441 445 447 452 461 463 473 495 500 505 510 518 527 535 538 544 551 560 568 578 612 613 615 622 627 628 629 651 655 668 696 698 705 708 712 717 743 760 766 775 787 793 805 812 813 817 822 830 837 845 850 851 852 854 863 871 872 875 885 886 894 897 910 934 946 960 968 971 987 993 1001 1004 1005 1010 1018 1021 1031 1036 1038 1085 1093 1101 1104 1106 1131 1152 1153 1164 1181 1197 1206 1212 1215 1248 1261 1269 1283 1284 1292 1297 1312 1314 1320 1321 1336 1338 1348 1356 1366 1375 1395 1405 1487 1488 1489 1491 1498 1543 1553 1561 1572 1574 1575 1576 1581 1582 1583 1584 1618 1628 1639 1642 1652 1660 1661 1685 1690 1692 1697 1701 1704 1717 1723 1732 1747 1754 1755 1762 1774 1784 1788 1790 1797 1811 1812 1821 1822 1828 1834 1844 1854 1862 1864 1871 1876 1879 1887 1888 1906 1908 1912 1944 1953 1955 1957 1973 1975 1999 2015 2022 2033 2038 2053 2055 2056 2069 2073 2080 2086 2088 2092 2100 2105 2108 2109 2112 2120 2121 2131 2165 2167 2176 2179 2184 2186 2191 2193 2194 2213 2227 2228 2229 2231 2233 2235 2247 2259 2279 2293 2295 2300 2304 2307 2311 2326 2351 2354 2362 2364 2376 2391 2394 2396 2400 2435 2443 2445 2451 2465 2467 2478 2480 2511 2514 2518 2523 2536 2549 2552 2559 2593 2606 2613 2629 2632 2636 2665 2667 2672 2691 2697 2698 2705 2721 2724 2737 2750 2754 2758 2767 2780 2783 2793 2795 2801 2802 2817 2823 2826 2844
a
16 31 33 36 49 61 71 74 92 126 130 133 141 143 148 159 163 164 184 185 187 199 202 209 241 250 261 266 266 270 287 304 306 307 327 330 339 344 345 353 357 358 372 406 410 420 433 444 474 478 485 494 497 501 505 527 533 551 578 583 613 615 616 619 627 628 641 655 662 696 712 715 746 756 758 764 764 812 822 825 827 830 831 844 852 852 855 865 871 872 880 885 886 894 897 907 910 910 912 934 938 946 952 953 960 961 968 979 982 983 993 996 998 1000 1001 1001 1004 1010 1018 1021 1022 1053 1055 1068 1080 1093 1102 1106 1106 1106 1109 1153 1170 1171 1174 1192 1193 1215 1215 1222 1228 1231 1237 1248 1259 1261 1264 1269 1289 1293 1303 1320 1335 1338 1342 1355 1367 1370 1405 1405 1405 1414 1416 1437 1449 1451 1459 1488 1498 1502 1532 1533 1534 1545 1553 1561 1567 1570 1576 1578 1582 1584 1587 1599 1603 1604 1609 1618 1619 1628 1630 1631 1639 1640 1644 1671 1675 1685 1685 1697 1717 1723 1730 1747 1753 1762 1763 1792 1797 1798 1800 1810 1812 1830 1835 1845 1861 1868 1872 1881 1883 1888 1895 1906 1908 1912 1942 1979 1988 1999 2033 2056 2062 2069 2071 2072 2076 2098 2105 2105 2113 2122 2126 2131 2134 2138 2156 2162 2166 2167 2172 2176 2184 2209 2228 2229 2233 2235 2243 2244 2250 2252 2260 2277 2295 2296 2297 2304 2316 2326 2326 2331 2333 2336 2355 2372 2374 2381 2386 2390 2391 2396 2400 2401 2405 2414 2431 2445 2448 2451 2456 2458 2467 2469 2495 2511 2513 2518 2523 2533 2547 2552 2593 2602 2607 2613 2615 2640 2642 2655 2658 2664 2667 2672 2688 2691 2692 2693 2705 2708 2713 2745 2758 2767 2767 2769 2774 2780 2781 2783 2787 2793 2795 2801 2817 2844
contaminated
16
binary
16 17 66 77 101 112 116 134 154 168 181 184 203 214 215 220 302 309 339 342 345 413 430 440 447 478 485 510 528 558 566 570 599 613 616 617 629 635 647 689 696 710 739 792 812 830 839 859 879 937 947 950 971 982 992 993 994 1004 1010 1022 1086 1106 1109 1171 1188 1189 1195 1196 1203 1209 1212 1213 1223 1252 1267 1286 1301 1338 1348 1350 1351 1370 1399 1411 1452 1483 1502 1551 1553 1570 1581 1607 1691 1697 1699 1709 1730 1790 1818 1823 1835 1838 1852 1881 1887 1909 1965 1991 2042 2055 2059 2080 2084 2109 2112 2122 2126 2149 2163 2198 2240 2293 2296 2304 2331 2348 2371 2389 2400 2403 2431 2451 2468 2493 2511 2523 2532 2572 2632 2671 2691 2695 2700 2704 2738 2783 2830
tree
16 17 21 45 67 101 116 134 143 154 168 181 184 203 220 221 273 281 287 302 309 322 339 342 345 413 447 478 505 510 528 558 558 570 583 599 617 624 635 647 710 729 739 792 793 806 812 830 839 859 923 937 982 993 1004 1010 1026 1106 1106 1171 1174 1189 1196 1203 1209 1212 1213 1223 1263 1267 1269 1286 1289 1301 1331 1338 1348 1351 1399 1411 1452 1478 1483 1502 1550 1561 1563 1570 1581 1607 1642 1691 1699 1730 1838 1852 1887 1909 1965 1985 2042 2044 2055 2056 2059 2072 2076 2084 2112 2122 2126 2149 2150 2163 2198 2213 2282 2293 2296 2297 2325 2348 2371 2389 2400 2403 2451 2468 2493 2498 2523 2524 2526 2532 2536 2607 2632 2671 2691 2695 2700 2704 2710 2780 2783 2789 2830
bst
17 105 148 452 602 729 1136 1593 1603 1797 2033 2112 2323 2524 2547 2758
booking
18 1944
concert
18 1944
tickets
18 1944
groups
18 99 213 238 270 401 794 1014 1468 1545 1625 1649 1752 1830 1924 1944 1966 2237 2615 2670
evaluate
19 203 734 1609 1838 1929 1961
reverse
19 163 325 555 735 739 765 822 834 912 1085 1272 1322 1325 1359 1681 1727 1771 1808 1961 1995 2069 2242 2269 2277 2305 2396 2483 2560 2561 2587
polish
19 1961
notation
19 1961
not
20 534 1055 1287 2054 2550 2651 2693
boring
20 2651
movies
20 2651
distances
21 207 932 2536
brick
22
wall
22
complex
23
multiplication
23 622 2231
fair
24 529 1758 1798 2764
candy
24 25 492 1091 2067 2764
swap
24 399 743 747 805 1234 1654 2093 2480 2764
tastiness
25
basket
25
subarray
26 135 218 234 237 280 371 516 759 847 921 928 988 1058 1073 1089 1096 1623 1656 1683 1725 1737 1749 1768 1990 2041 2063 2151 2196 2292 2314 2356 2392 2519 2541 2709 2751 2818
equals
26 1481 1891 2356
k
26 59 117 142 230 255 260 265 268 270 296 350 364 447 463 466 511 545 614 631 653 676 728 770 877 880 907 924 936 970 1088 1107 1113 1118 1128 1155 1188 1210 1232 1244 1300 1333 1370 1384 1395 1410 1441 1445 1477 1487 1509 1512 1528 1655 1679 1711 1734 1737 1748 1749 1759 1760 1788 1807 1830 1835 1897 1930 1947 1957 1967 1971 2013 2055 2096 2137 2255 2267 2309 2317 2356 2376 2421 2429 2438 2505 2508 2519 2570 2571 2777 2782 2786 2790 2797 2815 2836
factorial
27 481 913 2048 2273
trailing
27 885 1908 2273
zeroes
27 198 731 913 1159 2048 2273 2432 2470
score
28 29 132 246 265 296 319 341 427 497 532 583 844 920 925 1109 1117 1126 1228 1484 1495 1504 1560 1580 1615 1795 1886 1889 1892 1897 1940 1943 2076 2238 2241 2287 2331 2375 2384 2407 2620 2692
spliced
28
array
28 46 47 49 54 58 69 72 73 105 142 144 150 169 171 180 192 210 212 226 231 240 248 274 291 293 299 304 313 315 319 329 332 354 356 359 361 369 370 372 376 384 388 421 422 423 437 466 482 487 491 500 502 517 524 524 532 534 535 536 537 544 549 580 591 612 631 648 680 681 685 698 703 708 717 727 749 760 772 775 785 802 804 814 817 821 823 826 837 846 847 862 871 905 930 941 942 967 995 1001 1008 1029 1035 1038 1046 1051 1077 1094 1109 1126 1137 1152 1155 1199 1206 1240 1245 1259 1274 1284 1297 1301 1312 1327 1341 1356 1364 1366 1367 1367 1381 1383 1384 1396 1413 1422 1441 1487 1489 1498 1499 1549 1549 1558 1564 1575 1577 1596 1599 1600 1610 1611 1619 1660 1668 1690 1706 1708 1714 1732 1736 1738 1762 1774 1775 1786 1788 1798 1806 1834 1842 1868 1877 1886 1902 1914 1954 1955 1962 1973 1975 1978 1980 1981 1986 1992 2015 2022 2043 2045 2047 2049 2054 2064 2073 2075 2092 2097 2099 2100 2102 2105 2108 2120 2121 2127 2142 2145 2151 2152 2157 2176 2179 2189 2194 2206 2227 2228 2233 2251 2262 2270 2270 2274 2307 2308 2319 2329 2331 2343 2346 2361 2364 2376 2393 2394 2397 2403 2407 2416 2418 2421 2438 2454 2460 2463 2478 2484 2504 2517 2549 2555 2605 2610 2610 2636 2645 2664 2664 2665 2667 2674 2681 2698 2711 2725 2741 2749 2759 2766 2782 2790 2803 2822 2823 2826 2832 2841
triangulation
29 1892
polygon
29 1763 1892 2250
pairs
30 80 90 96 164 240 282 332 348 451 549 631 653 686 698 740 743 817 1155 1206 1210 1214 1322 1436 1441 1517 1609 1652 1664 1718 1743 1758 1834 1844 1870 1946 1973 2036 2073 2116 2253 2308 2421 2480 2483 2492 2719 2790 2797 2836
songs
30 2719
total
30 71 166 513 670 784 936 963 1099 1389 1597 1624 1645 1748 2380 2381 2388 2627 2719 2777 2798
durations
30 2719
divisible
30 210 239 295 631 817 870 877 950 1075 1300 1395 1441 1957 1973 2013 2255 2421 2719
by
30 38 99 186 204 239 254 315 341 373 382 406 427 491 592 631 667 670 674 684 688 716 774 804 841 855 870 877 922 950 981 1040 1075 1285 1374 1395 1441 1484 1486 1502 1553 1590 1708 1883 1889 1940 1957 2006 2081 2101 2122 2146 2154 2255 2276 2319 2382 2421 2455 2461 2620 2669 2675 2719 2787 2835
60
30 2719
using
31 227 1020 1235 1680 1931 1988 2136 2183
robot
31 52 560 650 1988 2399 2435
to
31 35 47 51 52 59 63 73 75 87 92 105 105 107 114 115 119 126 144 145 147 152 153 154 157 173 180 193 194 199 209 210 211 213 229 232 241 254 255 256 261 266 277 277 282 293 307 313 319 321 337 340 361 364 369 369 376 379 390 393 395 410 423 432 437 442 442 462 487 494 494 503 508 511 513 533 534 545 558 561 562 571 580 585 592 596 603 606 608 613 613 617 632 648 652 656 662 662 681 709 714 727 729 730 736 746 749 754 766 781 786 789 796 802 814 821 835 847 847 858 865 880 889 895 897 916 929 930 939 942 947 947 951 952 952 963 969 976 983 985 988 992 998 1002 1007 1008 1020 1022 1027 1030 1033 1052 1061 1062 1066 1067 1067 1068 1071 1076 1097 1113 1114 1132 1138 1147 1158 1162 1170 1188 1201 1201 1213 1245 1253 1269 1273 1289 1291 1301 1311 1327 1349 1349 1355 1388 1393 1401 1449 1456 1457 1464 1479 1495 1500 1501 1502 1537 1550 1559 1562 1568 1595 1600 1605 1616 1616 1620 1620 1638 1663 1677 1695 1697 1702 1706 1707 1709 1713 1719 1738 1748 1762 1775 1782 1786 1798 1829 1847 1877 1879 1881 1896 1902 1906 1913 1913 1918 1924 1925 1930 1963 1967 1980 1981 1987 1988 2006 2018 2024 2035 2043 2054 2056 2058 2058 2060 2064 2071 2071 2072 2090 2097 2113 2122 2136 2142 2143 2147 2151 2151 2160 2161 2166 2171 2199 2223 2225 2239 2244 2249 2251 2264 2274 2287 2301 2313 2320 2321 2325 2328 2329 2338 2349 2349 2351 2352 2365 2372 2379 2388 2393 2399 2402 2403 2408 2414 2416 2418 2429 2453 2474 2484 2484 2495 2504 2511 2511 2524 2538 2540 2570 2572 2572 2583 2618 2642 2642 2643 2644 2648 2658 2658 2660 2666 2667 2671 2673 2679 2680 2681 2687 2688 2689 2699 2726 2726 2728 2733 2741 2745 2749 2757 2766 2767 2774 2775 2784 2785 2828 2830 2831 2838 2840
print
31 134 851 1154 1377 1926 1988 2163 2465
the
31 33 69 72 83 85 89 100 104 138 144 150 169 173 179 206 211 241 246 251 274 274 277 279 289 292 316 331 331 336 348 358 372 377 416 417 418 433 433 443 466 493 493 501 512 517 532 535 538 544 547 549 554 572 574 616 619 625 637 641 661 667 702 707 711 715 721 727 753 754 755 766 770 784 784 802 842 846 868 883 893 898 899 906 919 922 925 953 956 958 963 966 970 986 1007 1014 1034 1035 1040 1064 1065 1067 1084 1090 1100 1101 1108 1109 1130 1135 1140 1163 1169 1207 1237 1259 1260 1262 1262 1274 1276 1278 1285 1292 1296 1315 1329 1345 1349 1361 1364 1378 1385 1412 1420 1444 1446 1447 1456 1459 1467 1473 1484 1501 1501 1504 1512 1518 1518 1521 1542 1562 1573 1577 1609 1611 1640 1645 1650 1660 1690 1701 1705 1706 1713 1728 1732 1739 1755 1758 1760 1761 1777 1786 1788 1795 1820 1821 1821 1842 1853 1857 1863 1868 1874 1879 1901 1903 1922 1943 1954 1955 1955 1964 1979 1980 1986 1988 2009 2020 2021 2034 2036 2043 2050 2058 2086 2096 2097 2100 2114 2115 2133 2144 2154 2210 2241 2246 2258 2261 2264 2268 2280 2284 2291 2308 2327 2331 2335 2335 2347 2351 2360 2364 2376 2382 2384 2387 2407 2431 2438 2444 2444 2456 2505 2513 2530 2533 2539 2556 2596 2602 2620 2626 2645 2646 2665 2668 2674 2676 2683 2689 2690 2706 2714 2724 2737 2737 2752 2779 2788 2820 2834
lexicographically
31 65 903 1345 1988 2170 2210
smallest
31 65 148 219 242 441 461 547 578 619 622 653 675 810 877 903 1040 1082 1100 1116 1192 1244 1365 1448 1460 1565 1569 1571 1580 1630 1640 1647 1696 1713 1781 1784 1817 1832 1863 1880 1938 1953 1977 1988 2033 2107 2170 2172 2197 2231 2238 2255 2264 2295 2401 2486 2491 2602 2697 2797 2809
string
31 48 71 89 114 115 130 147 152 163 177 185 206 214 215 229 238 242 260 270 327 372 396 407 410 412 433 434 442 497 533 535 541 555 565 611 615 616 625 669 751 754 782 800 803 805 815 822 858 875 889 903 912 943 953 968 979 1002 1022 1049 1050 1070 1080 1086 1153 1196 1222 1222 1231 1252 1264 1308 1320 1332 1339 1355 1361 1370 1372 1414 1437 1491 1492 1497 1498 1599 1609 1630 1631 1646 1647 1663 1681 1709 1723 1754 1762 1774 1800 1801 1811 1830 1835 1845 1861 1864 1868 1875 1881 1912 1925 1988 2024 2053 2069 2085 2098 2108 2134 2161 2167 2170 2172 2176 2197 2225 2243 2256 2258 2259 2260 2277 2286 2311 2316 2316 2368 2372 2381 2396 2408 2428 2431 2459 2469 2491 2532 2533 2560 2603 2604 2608 2613 2667 2689 2692 2701 2726 2745 2793 2805 2806 2817
absolute
32 234 452 498 762 871 988 1148 1210 2473 2836
value
32 140 150 239 263 343 441 592 609 618 763 793 1001 1006 1026 1082 1088 1100 1257 1285 1498 1630 1761 1776 1863 1938 1953 1960 2006 2105 2159 2172 2176 2213 2498 2567 2582
expression
32 254 294 683 1390 1504 1604 2384 2734 2827
probability
33 552 854 1854 2456 2471
boxes
33 107 526 586 1012 2337 2456
having
33 2456
same
33 105 207 502 766 843 1019 1067 1257 1263 1296 1444 1879 2058 2099 2339 2456 2526
balls
33 106 330 1839 2456 2552
removing
34 48 537 1117 1414 1851 2243 2368 2460
magic
34 568 1443 1851 2188
beans
34 1851
all
35 80 87 88 111 130 145 206 258 277 291 321 329 369 447 532 538 547 582 588 656 666 717 748 781 789 794 835 860 875 910 934 948 972 1009 1015 1056 1109 1126 1128 1245 1269 1320 1370 1485 1485 1537 1551 1617 1658 1688 1695 1702 1707 1732 1754 1765 1835 1886 1966 1982 1991 2018 2055 2056 2070 2086 2092 2116 2134 2160 2199 2271 2299 2311 2331 2364 2402 2407 2484 2527 2540 2548 2565 2571 2666 2722 2747 2784 2819 2838
paths
35 277 386 570 1010 1169 1338 1395 1419 1490 1514 1584 1648 1856 1957 2039 2050 2450 2468 2500 2518 2523 2783
source
35
target
35 211 282 494 544 548 675 826 861 889 895 1008 1043 1140 1327 1495 1605 1762 1878 1902 2123 2147 2287 2408 2486 2626 2658 2667 2711 2749
flatten
36 58 459 1213 2148 2671 2781
multilevel
36 2781
doubly
36 2781
linked
36 125 141 377 470 712 735 857 1011 1031 1213 1236 1302 1326 1348 1438 1488 1543 1574 1594 1670 1697 1808 1815 1849 1887 2141 2247 2269 2546 2561 2671 2768 2781
list
36 68 76 103 125 136 141 154 323 377 459 470 507 712 735 857 1011 1031 1055 1055 1122 1213 1236 1326 1348 1438 1475 1488 1543 1592 1594 1670 1697 1808 1815 1849 1887 2066 2141 2148 2269 2363 2441 2546 2561 2671 2693 2693 2768 2781
reconstruct
37 485 1289 1799 2072 2482
original
37 1364 1549 1577 2482 2610 2674
digits
37 158 165 196 230 276 278 301 444 463 484 715 841 895 1278 1398 1658 1660 1724 1934 2074 2147 2310 2367 2387 2413 2426 2448 2477 2482 2548 2625
english
37 606 1314 1828 2482 2673
queue
38 188 595 1282 1680 1931 2111
reconstruction
38
height
38 598 1209 1374 1633 1909 2675
stone
39 146 151 352 405 531 694 1161 1672 1952 1972 2103 2446 2638
game
39 139 146 151 275 331 352 405 493 531 647 697 738 809 820 825 1023 1032 1139 1161 1237 1271 1281 1317 1409 1482 1566 1608 1666 1673 1821 1846 1869 1937 1952 1972 2232 2257 2335 2353 2446 2494 2513 2531 2543 2638 2737 2760 2778
camelcase
40 2686
matching
40 448 1288 1390 1585 1774 1873 2108 2182 2686 2827 2829
poor
41 2554
pigs
41 2554
wiggle
42 1757
sort
42 68 99 197 382 491 804 922 1029 1090 1122 1285 1323 1383 1484 1492 1502 1558 1646 1739 1786 2097 2122 2145 2154 2201 2319 2363 2620 2669 2725 2779
fizz
43 383 2763
buzz
43 383 2763
multithreaded
43
sentence
44 357 527 1095 1405 1542 1546 1582 2248 2752
similarity
44 2248
iii
44 151 245 367 368 692 769 778 822 864 896 964 973 1041 1165 1194 1388 1626 1804 2001 2052 2069 2168 2219 2248 2275 2338 2631 2638 2735 2744
operations
45 73 115 126 263 265 313 369 376 399 423 561 727 802 865 936 1158 1221 1245 1381 1449 1502 1559 1595 1600 1616 1620 1646 1696 1706 1727 1771 1877 1913 1980 1995 2024 2043 2122 2166 2223 2274 2282 2305 2329 2484 2538 2688 2728 2777 2821
on
45 398 583 628 758 825 832 979 1091 1173 1193 1262 1335 1480 1567 1763 1810 1845 1895 1907 2031 2062 2076 2250 2282 2355 2717
remove
46 76 125 230 262 392 417 419 507 526 536 550 835 875 963 1097 1132 1291 1426 1438 1444 1536 1592 1594 1754 1782 1840 1914 1918 1959 2047 2132 2280 2311 2663 2699 2768 2784
duplicates
46 76 329 536 704 875 1592 1754 1914 1936 2047 2092 2311
sorted
46 76 115 154 226 304 384 388 395 421 536 578 619 643 677 837 847 871 1027 1107 1301 1312 1365 1489 1575 1592 1628 1719 1829 1914 2024 2047 2118 2120 2151 2227 2233 2262 2295 2342 2379 2391 2403 2508 2517 2549 2636 2698 2823
partition
47 180 260 482 545 685 749 1050 1259 1344 1384 1423 1475 1499 1736 2065 2066 2416 2418 2608 2741 2803 2822 2832
according
47 390 2741 2840
given
47 130 196 544 763 860 898 938 957 983 1000 1001 1134 1501 1532 1630 1631 1638 1640 1792 1806 1812 1884 1960 2074 2105 2134 2172 2252 2260 2361 2386 2467 2602 2741
pivot
47 958 1641 2741
length
48 206 251 261 310 505 761 828 919 928 948 1128 1231 1275 1419 1528 1573 1679 1768 1801 1812 1947 2027 2244 2292 2357 2368 2409 2450 2467 2565 2571 2806
after
48 62 142 263 265 276 399 408 425 474 497 537 583 659 764 766 774 845 880 920 924 970 1016 1037 1053 1082 1126 1166 1209 1221 1252 1477 1509 1656 1696 1727 1785 1801 1862 1879 1886 1909 1938 2076 2089 2138 2267 2305 2309 2310 2368 2447 2460 2505 2580 2692 2782 2806 2815 2821
substrings
48 111 130 260 325 396 566 607 623 718 863 953 1117 1573 1709 1864 2134 2368 2533 2557 2606
peak
49 771 2228 2814
index
49 72 305 433 997 1001 1308 1641 2105 2218 2228 2459 2665
mountain
49 171 487 995 2075 2121 2228
count
50 62 79 85 90 104 109 124 130 140 164 221 246 264 289 296 332 379 416 420 467 508 546 554 566 582 631 632 661 666 706 708 715 732 744 748 755 760 813 817 868 878 881 890 901 930 944 977 1053 1078 1081 1112 1121 1173 1177 1179 1210 1212 1216 1233 1243 1260 1266 1335 1336 1398 1442 1457 1519 1527 1544 1559 1597 1628 1631 1652 1659 1678 1684 1701 1711 1718 1727 1758 1763 1844 1860 1897 1903 1905 1919 1934 1969 1973 2070 2094 2134 2179 2194 2217 2223 2250 2260 2268 2293 2305 2334 2350 2354 2360 2380 2391 2405 2421 2447 2492 2527 2583 2600 2622 2679 2714 2717 2733 2750 2807 2836 2842
anagrams
50 537 1083 1320 2411 2460 2600
change
51 243 918 1252 1720 1945 1996 2804
characters
51 111 114 123 130 382 442 593 673 789 889 1118 1119 1231 1330 1486 1557 1658 1800 1814 1821 2003 2081 2134 2161 2408 2475 2548 2617 2634 2669 2726 2737 2740
satisfy
51 898
one
51 56 149 589 613 716 897 978 1550 1553 1656 1683 1813 1906 2325 2332 2511 2535 2652 2818
three
51 111 239 253 293 334 480 483 983 1075 1541 1547 1733 1736 1796 1981 2204 2322 2324 2395 2678 2803
conditions
51 1367 1753 2664
return
52 639 2399 2736
origin
52 2399
selling
53 654 2358 2707
pieces
53 410 1444 2358
wood
53 2358
into
54 180 184 240 260 270 293 524 679 685 785 953 1014 1264 1367 1476 1552 1736 1752 1830 1958 1976 1981 2270 2418 2469 2533 2569 2664 2759 2803 2822
subsequences
54 167 185 898 919 977 1121 1190 1360 1394 1466 1585 1637 1684 1824 1873 1912 2424 2641 2743 2807
shopping
55 2529
offers
55 2529
longest
56 88 93 94 98 135 156 171 251 288 297 366 477 611 616 657 668 676 720 762 790 828 829 894 914 945 955 957 960 988 1004 1013 1069 1073 1118 1123 1131 1146 1188 1234 1262 1284 1332 1430 1434 1455 1467 1557 1590 1612 1656 1755 1793 1814 1884 1999 2020 2101 2119 2121 2175 2224 2307 2314 2362 2409 2431 2451 2452 2521 2535 2694 2724 2732 2740 2771 2811 2843
substring
56 88 251 318 346 353 408 588 616 625 763 829 1060 1069 1118 1234 1277 1470 1646 1703 1705 1755 1812 1814 1822 1841 1960 2175 2271 2431 2467 2489 2535 2563 2640 2694 2724 2834
repeating
56 789 945 1060 1118 1539 1814 2226 2535
character
56 199 614 945 1040 1234 1723 2535 2817
asteroid
57 2592
collision
57 2592
deeply
58
nested
58 459 1422 2045 2148
subarrays
59 85 255 293 296 373 542 576 732 948 1127 1247 1260 1300 1397 1448 1544 1679 1711 1779 1818 1837 1897 1903 1967 1981 2013 2298 2429 2565 2653
lcm
59 2429
equal
59 73 123 140 160 240 255 261 282 361 369 373 435 437 444 534 545 562 662 718 817 821 840 988 1010 1158 1188 1245 1247 1423 1457 1476 1479 1517 1600 1659 1708 1736 1796 1837 1877 1958 1967 1973 2003 2054 2064 2071 2169 2171 2244 2329 2395 2429 2448 2484 2504 2523 2583 2644 2803
distance
60 166 199 211 399 447 610 652 1099 1305 1571 1593 1692 1761 1762 2055 2185 2417 2629 2667
between
60 106 207 325 699 787 844 1036 1140 1150 1168 1227 1251 1531 1564 1574 1593 1761 1807 1839 2008 2029 2088 2247 2417 2626
stops
60 728 1328 2417
making
61 1343 1942 1948
large
61 1102 1468 1942 2237
island
61 869 1217 1568 1942 2174 2249
smaller
62 1442 1728 2447 2706
amount
63 121 617 1138 2643 2830
time
63 119 194 196 223 241 266 307 378 603 617 670 730 781 835 841 935 1007 1009 1020 1022 1114 1138 1147 1176 1253 1269 1273 1388 1400 1401 1454 1463 1464 1518 1532 1595 1669 1702 1707 1751 1881 1982 2056 2074 2136 2139 2199 2301 2313 2338 2402 2444 2495 2502 2506 2525 2538 2643 2648 2660 2767 2784 2830 2831
collect
63 585 1269 1561 2056 2680
garbage
63
integer
64 274 387 606 858 877 895 944 944 958 1000 1024 1038 1052 1076 1272 1278 1386 1500 1616 1696 1697 1777 1791 1913 1955 2068 2128 2143 2147 2255 2334 2334 2387 2596 2673 2775 2791
replacement
64 408 945
alternating
66 664 802 1098 2177
bits
66 161 429 629 922 980 1325 2109 2154 2200
node
67 473 507 712 812 857 910 1106 1174 1228 1321 1531 1543 1560 1638 1797 2008 2300 2546 2607 2758
non-zero
69
product
69 218 248 299 334 562 843 919 930 974 1077 1211 1261 1278 1365 1394 1459 1477 1573 1611 1715 1737 1760 1768 1792 1979 2096 2196 2292 2294 2339 2386 2387 2519 2534 2644 2792 2815 2844
rle
70 1882
iterator
70 459 471 1298 1699 1882 2148
appeal
71 2381
middle
72 188 377 2111 2665
make
73 75 114 115 123 144 157 192 210 277 369 373 393 395 423 435 437 442 487 513 561 648 656 662 681 727 754 802 847 865 870 889 897 916 929 930 942 1002 1010 1027 1052 1158 1245 1287 1316 1327 1341 1449 1464 1470 1479 1600 1663 1706 1708 1719 1738 1775 1782 1798 1829 1877 1906 1925 1963 1980 2003 2024 2043 2071 2142 2151 2160 2161 2166 2169 2171 2329 2379 2388 2408 2453 2484 2504 2523 2550 2681 2687 2689 2726 2728 2749 2766 2775
penalty
74 2333
for
74 160 196 443 471 482 525 617 625 636 853 1000 1039 1144 1156 1234 1259 1586 1734 2074 2333 2487 2488 2633 2720 2830 2832
shop
74 1685 2326 2333
moves
75 152 361 494 681 821 970 1018 1066 1495 1605 1847 1963 2064 2287 2505 2658
gap
77 900 1923 2240
nice
78 332 732 1073 2314
divisors
78 1183 1693 1733
special
79 696 1020 1079 1086 1121 1233 1342 1685 2136 2209 2304 2326 2622
quadruplets
79 546
xor
80 164 591 609 636 775 776 1221 1255 1277 1297 1577 1617 1659 1673 1941 2116 2563 2582 2633 2674 2778 2821 2826
bitwise
80 122 135 556 576 776 1158 1448 1617 2116 2833
sleep
81
third
82 2730
capitalize
83 2009
title
83 486 2009
prefix
84 288 319 846 938 950 955 1072 1359 1405 1430 1577 1599 1986 2252 2315 2452 2521 2674 2696
scores
84 780 1529 1807 2315 2591 2630
strings
84 104 157 190 206 264 282 335 469 508 525 626 768 863 911 972 1040 1153 1158 1229 1479 1529 1586 1625 1649 1689 1701 1718 1759 1836 2005 2158 2167 2171 2278 2315 2453 2488 2492 2589 2591 2606 2670 2714 2722 2733
good
85 258 292 386 508 708 832 972 1212 1619 1637 1678 1817 1964 1977 2039 2179 2293 2722 2733 2743
most
86 143 260 303 344 567 702 724 906 1019 1084 1134 1152 1219 1220 1509 1553 2022 2309 2425 2464 2539 2672 2753 2780 2810 2820
profit
86 850 1534 2191 2713
assigning
86
work
86 1039 1562
rounds
87 2540
complete
87 221 342 755 1114 1707 2149 2199 2540 2648
tasks
87 1562 1677 1707 2199 2540 2757
vowels
88 912 1266 1755 1812 2277 2467 2724
order
88 273 461 518 544 620 635 851 1005 1351 1478 1483 1692 1822 2198 2465 2514 2629 2695 2721
lcp
89 2258
bad
90 175 2761
cuts
92 474 2138
divide
92 240 270 715 1014 1045 1068 1476 1487 1752 1830 1958 2113
circle
92 420 560 1239 1618 1810 1888 2355 2405 2435
sequence
93 559 753 785 807 819 853 1228 1316 1345 2210 2224 2487 2595 2759 2788 2848
valid
94 201 224 317 327 335 425 476 579 582 693 852 853 887 897 904 929 995 1002 1048 1080 1144 1172 1259 1345 1369 1392 1467 1497 1582 1770 1782 1831 1861 1906 1911 1925 1970 2020 2075 2098 2140 2210 2419 2457 2479 2487 2527 2545 2553 2589 2599
parentheses
94 172 254 262 325 327 335 929 1080 1162 1392 1536 1615 1782 1840 1861 1959 2098 2272 2375 2589
h-index
95 1773 2000
equivalent
96 1049
gas
97
station
97
common
98 567 846 1006 1046 1119 1171 1430 1716 1730 1819 1986 2126 2452 2567 2617 2753
subsequence
98 118 132 247 297 442 477 518 573 657 676 702 720 790 828 914 933 957 1013 1123 1146 1188 1192 1368 1434 1449 1612 1757 1795 1866 1884 1943 2166 2345 2401 2409 2576 2721 2726 2732 2771 2843
items
99 907 1180 1512
respecting
99
dependencies
99
closest
100 232 252 339 496 652 1008 1638 1655 1693 1731 1902 2133 2317
serialize
101 1136 2323
deserialize
101 1136 2323
nth
102 507 695 1439 2155 2712
magical
102 1339 2712
rotate
103 788 943 1258 1714 2729 2845
consistent
104 2714
ways
105 293 337 379 508 533 562 577 580 632 709 749 766 880 930 939 951 985 1068 1162 1201 1289 1393 1533 1682 1798 1879 1981 1987 2072 2113 2251 2349 2352 2372 2416 2644 2659 2679 2733 2785 2824
reorder
105 136 277 1704 2754
get
105 321 364 586 592 718 1319 1386 2006 2128 2570 2748
magnetic
106 1839
force
106 1839
delivering
107
storage
107
ports
107
n-queens
108 1249 2106 2466
rectangles
109 686 1197 1276 2034 2165 2217
containing
109 111 835 1755 2217 2724 2784
each
109 204 325 343 441 473 500 548 614 636 670 793 1144 1201 1321 1456 1467 1953 2020 2213 2217 2300 2349 2633 2835
point
109 1059 1197 1618 1888 2165 2217
random
110 305 323 457 857 1197 1618 1643 1888 2165 2218 2406 2441 2546 2682
pick
110 305 1062 1643 2218 2406 2682
blacklist
110 2682
unique
112 130 204 214 396 689 707 723 848 924 953 1231 1343 1398 1474 1490 1514 1621 1637 1723 1775 1856 1864 1934 1948 2078 2134 2267 2500 2533 2718 2738 2743 2766 2817 2835
search
112 127 154 184 187 339 345 384 430 478 510 528 558 594 605 640 689 837 839 859 993 993 1072 1175 1301 1478 1587 1699 1730 2040 2059 2126 2359 2374 2403 2549 2691 2691 2696 2738 2823
trees
112 440 689 994 1156 1551 1633 1722 1991 2125 2720 2738
senior
113 2573
citizens
113 2573
delete
114 191 343 525 639 704 712 795 1415 1586 1719 1797 1829 1936 2161 2488 2702 2716 2736 2758 2762
fancy
114 2161
average
116 239 418 502 534 654 935 1096 1125 1400 1457 1579 1994 2054 2099 2110 2139 2327 2392 2583 2632 2707
levels
116 739 2632
reward
117 1971
top
117 253 320 350 1232 1971 2137 2204 2786
students
117 976 1310 1484 1504 1532 1651 1971 2153 2328 2384 2542 2620
arithmetic
118 308 957 1146 1316 1634 1866 1867 1884 1900 2771
slices
118 404 1634 1866 1900
-
118 226 691 704 1493 1530 1603 1866 1936 2517 2547 2585 2657
best
119 170 194 730 1253 1273 1388 1406 2288 2338 2660
buy
119 194 709 730 1253 1273 1388 2338 2660
sell
119 194 730 1253 1273 1388 2338 2660
stock
119 194 730 1143 1253 1273 1388 1675 1772 2338 2410 2655 2660 2808
cooldown
119
eaten
120
apples
120 585 1269 2056 2680
calculate
121 1164 1437 1454 1871
paid
121
taxes
121
range
122 164 252 267 284 602 628 691 746 907 974 1081 1116 1244 1459 1493 1530 1701 1781 1979 2016 2585 2657 2792
largest
124 177 196 202 274 295 346 356 391 411 483 499 506 556 564 609 774 793 830 881 895 946 1276 1290 1345 1366 1375 1378 1507 1635 1715 1791 1919 1933 1955 2034 2053 2068 2074 2102 2147 2207 2210 2213 2291 2294 2324 2394 2400 2445 2582 2590 2677 2755 2802 2833
group
124 379 424 667 674 1083 1501 1501 1537 2382 2411 2490 2666
zero
125 232 277 556 589 947 1154 1559 1620 1708 2223 2332 2572 2833
nodes
125 145 221 246 302 339 447 547 639 656 705 741 743 787 901 1014 1085 1212 1438 1457 1488 1593 1638 1652 1765 1844 2042 2055 2088 2160 2293 2443 2480 2583 2736 2768 2819 2838
reinitialize
126 2688
permutation
126 434 539 559 758 971 1103 1266 1280 1764 2062 2080 2203 2688 2848
word
127 217 402 425 465 514 567 605 663 668 672 736 761 798 863 881 1020 1104 1131 1211 1359 1405 1405 1650 1726 1826 1919 2032 2136 2202 2357 2362 2442 2449 2534 2606 2618 2753
minimize
128 180 254 348 399 612 703 784 963 966 1140 1255 1766 1857 1941 1975 2036 2418 2433 2626
malware
128 1766 2433
spread
128 1766 2433
right
129 473 614 1189 1321 1363 1480 1965 2031 2300 2528
interval
129 366 1402 2811
encode
131
decode
131 179 577 1280 1372 1413 1682 2203 2261 2343 2659 2805 2824
tinyurl
131
display
133 2593
table
133 622 872 1465 2231 2593 2624 2795
food
133 520 1671 2593 2708
orders
133 1292 1378 1769 2061 2291 2593
restaurant
133 2593
filling
137
bookcase
137
shelves
137
employees
138 781 867 952 1456 1746 2402 2642
whose
138 770 1055 1395 1957 2693
manager
138 1756 2398
left
138 614 1026 1363 1524 1885 2498 2528
company
138 827
baseball
139 1846
check
140 207 327 357 425 831 852 1015 1049 1059 1080 1104 1128 1151 1222 1259 1318 1370 1405 1441 1485 1542 1599 1619 1622 1632 1646 1835 1861 2098 2299 2316 2571 2609 2752
if
140 327 333 357 425 815 831 852 911 1015 1049 1059 1080 1104 1128 1222 1230 1259 1318 1370 1405 1441 1444 1485 1542 1599 1619 1622 1632 1646 1835 1861 1956 2098 2299 2316 2571 2609 2701 2752
has
140 1084 2539
digit
140 140 268 276 695 774 855 1098 1112 1132 1134 1437 1460 1564 1813 1832 1883 1905 2155 2177 2310 2652 2699
twin
141
negations
142 2782
profitable
143 450 2366 2780
coprime
144
products
144 667 1688 2382 2747
vertices
145 2838
reach
145 306 786 880 969 1147 1495 1605 1713 2156 2264 2287 2301 2838
ix
146
flip
147 457 1553
monotone
147 484 2426
increasing
147 192 477 484 546 727 916 933 960 1005 1070 1123 1227 1434 1478 1584 1612 1999 2043 2426 2514 2518 2604 2843
kth
148 202 219 274 578 609 619 622 830 956 1174 1365 1366 1484 1713 1955 2033 2231 2264 2295 2394 2400 2445 2582 2607 2620 2683
element
148 202 211 237 304 368 419 421 479 500 578 591 771 906 970 1016 1219 1256 1352 1366 1387 1480 1540 1564 1575 1656 1939 2007 2031 2033 2120 2168 2227 2233 2295 2394 2425 2445 2505 2619 2814 2820
allow
149
function
149 671 788 913 1205 1327 1508 1721 1998 2048 2496 2522 2749 2845
call
149 1508 2522
concatenation
150 282 588 1823 2271
convert
152 154 462 503 524 729 947 1170 1301 1367 1521 1595 1697 1896 2239 2270 2403 2524 2538 2572 2664 2774
boats
153
save
153
people
153 571 714 832 1055 1293 1501 1739 2090 2336 2693
guess
155 1427 1650 1984
higher
155 1427 1984
or
155 261 589 662 988 1019 1188 1195 1427 1448 1528 1598 1613 1729 1947 1984 2071 2244 2332 2520 2639
lower
155 340 1314 1427 1828 1984 2474
univalue
156
steps
157 613 648 766 880 1509 1879 2309 2453 2511 2681
anagram
157 1172 2453 2479
add
158 338 656 683 824 895 929 1162 1175 1229 1350 1421 1550 1836 1904 2040 2147 2160 2285 2325 2625
performance
159
team
159 1569 1880
rotations
160 1605
row
160 343 468 793 1015 1019 1036 1299 1517 1550 1598 2213 2299 2325
counting
161 938 2252
averages
162 391
words
163 341 350 527 588 606 699 822 849 938 1053 1144 1175 1198 1279 1440 1474 1486 1511 1554 1572 1582 1590 1889 2028 2040 2069 2081 2101 2137 2252 2271 2396 2427 2673 2765 2839
repeated
165 318 676 803 928 1234 1246 1528 1947 2367 2428 2489 2794
traveled
166
non-decreasing
167 354 648 2189 2641 2681
diameter
168
restore
169 549 1602 1954 2308
poker
170 2288
generate
172 819 1618 1800 1888 2272
last
173 359 421 519 694 761 1672 1760 1822 1894 1978 2096 2103 2120 2351 2357
person
173 176 652 2214 2351
fit
173 2351
my
174 604 769 2744
calendar
174 604 769 2744
first
175 375 421 433 535 538 1071 1598 1723 2086 2120 2761 2817
version
175 917 2344 2761
sales
176 2214
3-same-digit
177 2053
data
178 750 1056 1175 1416 1704 1974 2040 2754 2769
stream
178 202 557 593 750 1416 1974 2091 2445 2769
as
178 285 285 863 1195 1405 1916 1916 1974 2606
disjoint
178 685 1974 2822
intervals
178 449 685 813 818 1251 1426 1752 1974 2029 2132 2354 2822
message
179 398 1907 2261
arrays
180 289 373 453 513 561 677 684 846 966 1047 1049 1365 1447 1460 1659 1740 1761 1832 1857 1986 2118 2178 2190 2360 2385 2388 2418 2455 2728
difference
180 348 360 452 498 517 565 845 855 957 1036 1108 1140 1148 1168 1210 1227 1384 1386 1447 1463 1531 1564 1579 1807 1862 1883 1884 2008 2036 2085 2110 2128 2318 2418 2473 2506 2626 2836
tilt
181 2704
investments
182 2186
2016
182 2186
super
183 374 891 1337 1462 2012 2192 2509 2650 2772
pow
183 2012
insert
184 594 704 795 1402 1936 2762
keep
186 596 1291 2321 2461
multiplying
186 2461
found
186 1572 2461
values
186 260 684 806 946 1264 1717 1788 2376 2455 2461 2469
2d
187 524 684 1367 1493 1587 1661 1687 2270 2374 2455 2578 2657 2664
matrix
187 457 485 488 551 578 619 696 700 745 902 920 946 947 947 960 1159 1160 1208 1248 1261 1313 1329 1376 1395 1553 1587 1622 1626 1628 1692 1717 1753 1787 1790 1957 1999 2001 2131 2254 2295 2304 2347 2374 2391 2476 2572 2572 2581 2629 2656 2801 2844
design
188 314 394 403 455 557 581 595 645 909 940 961 1175 1205 1324 1451 1472 1644 1657 1670 1671 1872 1998 2019 2040 2091 2111 2130 2187 2378 2458 2579 2708 2837 2847
front
188 2111
back
188 2111
summary
189 1371 2662
ranges
189 264 379 759 2662 2751
buddy
190
earn
191 951 1987 2702
strictly
192 797 1442 2846
fraction
193 810 1110 2809
recurring
193
decimal
193
utf-8
195 1915
validation
195 1915
colors
197 664
ones
198 666 973 1036 1299 1526 1614 1734 2017 2275 2432
shortest
199 280 321 402 627 664 807 842 847 909 1021 1115 1224 1749 1762 1765 1790 2151 2187 2235 2595 2667 2819
richest
200 986
customer
200 1287 1378 1698 2291 2550
wealth
200
clock
201
times
201 215 480 676 1528 1947
boolean
203 1604 1838
subjects
204 2835
taught
204 2835
teacher
204 2835
single
205 235 304 864 1471 2215 2233 2616
k-th
206 445 461 810 1571 2809
lexicographical
206 461 522 1822
happy
206 288 611 1074 2369 2521
n
206 956 985 1030 1134 1709 1751 1769 2061 2525 2683
letters
207 341 458 550 765 856 1889 2587
incompatibility
208
hours
209 2414
training
209 2414
competition
209 1545 1583 2279 2414 2615
deletions
210 979 1663 1738 1845
degree
212 2346
an
212 248 290 291 329 332 376 532 557 591 628 698 708 717 749 760 775 814 817 940 1029 1038 1126 1130 1137 1152 1199 1240 1274 1278 1284 1297 1356 1366 1367 1381 1383 1386 1404 1450 1498 1564 1583 1611 1616 1652 1660 1774 1777 1788 1842 1844 1886 1913 1973 1992 2015 2022 2025 2073 2091 2092 2108 2128 2145 2176 2179 2194 2274 2279 2307 2346 2376 2387 2393 2394 2407 2416 2436 2579 2596 2664 2725 2826
cost
213 437 513 806 814 886 897 1067 1113 1129 1342 1349 1357 1401 1695 1705 1748 1906 1924 1930 2018 2058 2180 2209 2313 2388 2393 2504 2834
connect
213 1695 1924 2018
points
213 420 951 1009 1157 1193 1268 1417 1583 1695 1810 1910 1924 1982 1987 2018 2279 2355 2405 2727
is
215 226 425 562 770 831 852 1042 1055 1059 1080 1259 1318 1368 1384 1395 1542 1599 1603 1619 1622 1646 1957 2098 2517 2547 2576 2609 2644 2693 2752
prefix-aligned
215
perfect
216 693 1516 1710 1997 2302 2553
frequency
217 382 840 888 906 1040 1097 1358 1918 2124 2442 2669 2820
query
219 636 691 1493 1530 2585 2633 2657
trimmed
219
cousins
220
validate
222 302 528 1809 2042 2825
ip
222 1450 1602 2025 2825
address
222 1450 2025 2825
network
223 1518 1747 2444
delay
223
possible
225 285 397 748 860 901 1551 1916 1991 2070 2164 2574
bipartition
225 2164
input
226 1603 2517 2547
implement
227 719 1235 1443 1680 1931 1932 2183 2188
stack
227 389 1358 1381 1451 1809 1872
queues
227
teemo
228
attacking
228
lines
229 687 998 1848 2225
write
229 2225
trapping
233 1458 1928 2586
rain
233 1458 1928 2586
water
233 495 634 660 724 1458 1928 2220 2464 2586
any
234 1103 1287 1405 2550
biggest
235
strange
236 1469 2030 2564
printer
236 1469 2030 2564
online
237 876 1772 1950 2808
majority
237 1256 1387 2007
similar
238 561 1180 1718 1801 2492 2728 2806
even
239 301 575 656 980 1112 1154 1219 1323 1326 1565 1755 1905 2107 2141 2160 2200 2201 2425 2477 2544 2724
that
239 715 725 863 890 895 898 965 983 1106 1216 1262 1276 1315 1384 1486 1659 1791 1800 2021 2034 2068 2081 2094 2147 2606
are
239 357 815 911 1049 1128 1441 1444 1728 2571 2701 2706
latest
241 424 841 2490
catch
241
construct
242 322 572 599 800 826 859 1196 1345 1411 1452 1759 1875 2197 2210 2532 2711
di
242 407 853 2197 2256 2487
coin
243 1720 1945 2804
invalid
244 262 991 1959 2051
transactions
244 1287 1522 1523 2550
ugly
245 1307 1337 1667 1899 2661 2772
highest
246 907 1109 1141 1207 1226 1439 1560 1580 1807 1922 2238 2331 2512
constrained
247 2345
long
249 1068 2113 2330
pressed
249 2330
name
249 2330
star
250 2162
graph
250 271 333 475 627 705 894 909 910 1042 1291 1652 1844 2104 2162 2187 2443 2813
alphabetical
251
continuous
251 280 423 988 1058 1434
department
253 1141 1465 2204 2624
salaries
253 2204
result
254 1132 2699
adding
254 1053 1355 2745
gcd
255 1029 1967 2725
distribute
256 714 1200 1539 2226 2828
money
256 1164 1523 1871 2828
children
256 511 1481 1891 2828
big
257 1917
countries
257 1917
indices
258 717 883 1323 2201 2690
missing
259 375 441 490 867 1696 1953
at
260 337 426 480 499 897 1001 1118 1128 1134 1308 1467 1509 1532 1553 1749 1767 1792 1843 1906 1933 2020 2105 2309 2386 2459 2571 2785
side
261 1189 1480 1965 2031 2244
square
261 428 562 665 666 693 756 1033 1276 1284 1369 1635 2034 2244 2307 2320 2553 2644 2773 2812
less
261 296 988 1188 1737 1897 2244 2519
than
261 296 516 556 675 988 1188 1310 1410 1575 1728 1737 1746 1897 2153 2227 2244 2486 2519 2706 2833
threshold
261 516 1640 2244 2602
final
263 1685 2326
variable
263
performing
263
vowel
264 1701
maximal
265 428 540 2685 2773
applying
265
visit
266 744 2350 2767
cell
266 2767
grid
266 416 501 568 655 777 852 865 886 897 934 985 1018 1021 1023 1093 1268 1306 1420 1584 1661 1687 1906 2229 2235 2518 2531 2578 2668 2767
module
267
units
268 1567 1895
robots
269
within
269 718 728 849 907 1061
budget
269 718
size
270 424 913 1089 1370 1501 1767 1830 1835 1843 2041 2048 2490
clone
271 1106 2104
burst
272 1311 2365 2770
balloons
272 563 1311 2365 2770
n-ary
273 281 624 923 1985 2710 2789
level
273 635 982 1351 1483 1502 2122 2198 2695
traversal
273 287 599 624 630 635 710 859 923 1203 1351 1411 1452 1483 1691 1985 2198 2297 2348 2493 2695 2789
jump
275 460 697 1555 1666 2510 2800
four
276 999 1183 2310 2612
splitting
276 497 1264 2310 2469 2692
lead
277
city
277 279 400 596 833 1101 2321 2462
sequential
278 1428 2423
powered
279
unsorted
280
depth
281 335 1399 1607 2084 2389 2589 2710
mirror
283
reflection
283
addition
284 1052 1110 2016 2775
far
285 1916
land
285 1916
employee
286 670 707 1167 1262 1456 2614
bonus
286 2614
recover
287 839 1364 2059 2297
preorder
287 624 859 1203 1411 1452 1570 1985 2296 2297 2348
ideal
289 790 2360
flipping
290 920 1271 2494
image
290 892 1258 1556 1858 2551 2729
disappeared
291
subsets
292 355 545 661 798 899 1078 1503 1853 1964 2584
parse
294 2734
lisp
294 2734
subset
295 1055 1423 1806 2361 2693
palindromic
297 411 535 607 797 829 919 977 1573 1684 2557 2677 2694 2807 2846
house
298 367 692 1120 1184 2439 2628 2631
robber
298 367 1120 1184 2439 2628
factors
299 440 1082 1716 1938
fibonacci
300 770 785 819 828 2409 2759
frequent
303 350 906 1152 1219 1232 2022 2137 2425 2786 2820
subtree
303 441 547 1209 1457 1563 1909 1953 2150 2583
cross
307 519 1894 2495
bridge
307 1224 2495
triplets
308 422 708 1659 1867 2179 2478
pruning
309
pair
310 325 444 1406 1571 2027 2448
chain
310 1332 2027
text
311 961 1890 2458
justification
311 1890
diagonal
312 757 987 1376 2011 2476 2497
traverse
312 757 2011 2497
halve
313
browser
314
history
314
rearrange
315 319 527 699 889 1022 1881 2408
sign
315 1507 1611
pass
316
pillow
316
pattern
318 601 663 1142 1528 1947 2202 2489 2503
travellers
320
keys
321 621 1803 1989
quad
322
copy
323 2441
pointer
323 2441
freedom
324
trail
324
gold
326
can
327 466 519 586 725 890 965 1039 1091 1104 1157 1222 1276 1315 1316 1319 1347 1386 1470 1486 1659 1674 1861 1894 2021 2034 2081 2094 2128 2236 2316 2438 2727 2748
be
327 617 725 847 890 952 965 1104 1486 1861 2081 2094 2151 2642 2830
closed
328 2010
islands
328 1506 2010 2481
box
330 390 494 2552 2658 2840
winner
331 574 825 1237 1901 2335 2513
circular
331 344 455 493 595 941 971 1546 1578 1623 1762 1990 2080 2335 2390 2605 2667 2672 2847
exists
333 1791 2068
nesting
335 1668 2454 2589
duplicate
336 349 550 651 752 1069 1165 1380 1415 1548 1874 2175 2181 2193 2219 2420 2716
arrive
337 2785
destination
337 400 1147 2301 2785
queries
339 505 658 758 949 974 1166 1209 1268 1277 1810 1909 2062 2355 2563 2654 2792 2796
case
340 539 1314 1828 2474
formed
341 1486 1889 2081
inserter
342 2149
greatest
343 721 1046 1075 1314 1480 1828 2031 2144
visited
344 655 1287 2229 2550 2672
sector
344 2672
track
344 2672
trim
345
variance
346
flowers
347 1674 2038 2236
full
347 397 646 1551 1991 2038 2574
bloom
347 397 2038 2574
emails
349 1415 2716
memoize
351 1535 2562
vi
352 697 1972
occurrences
353 1192 1621 2401 2640 2718
ascending
357
k-beauty
358
prototype
359 1978
squared
360 2318
lfu
362
cache
362 378 1589 2079
ipo
363 2404
recolors
364 2570
black
364 2570
blocks
364 2570
subtraction
365 1110
operation
365 775 1451 1586 1872 2488 2826
well-performing
366 2811
next
368 473 479 989 1321 1352 1540 1543 1764 1825 1939 2168 2300 2619
greater
368 479 516 556 558 675 729 989 1352 1442 1540 1543 1825 1939 2168 2486 2524 2619 2833
1
369 429 922 1709 2154 2484
replace
370 601 625 707 789 1198 1356 1480 1658 1811 2015 2031 2259 2427 2503 2548
non-coprime
370
divisibility
372 925 1868 2241
reversing
373
washing
374 2192
machines
374 2192
positive
375 575 592 944 1000 1768 1791 2006 2068 2292 2334 2544
apply
376 500 796 1158 1769 2061 2274
limit
378 398 800 988 1176 1875 1907
overlapping
379 1239
event
380 1156 2720
emitter
380
debounce
381 2004
rotated
384 837 1312 1489 1724 2413 2549 2636 2698 2823
boomerangs
385 2082
break
387 672 1222 1726 2032 2316 2449
merge
388 643 684 787 818 975 994 1107 1180 1574 2088 2247 2262 2342 2455 2508
min
389 809 1129 1695 2018
categorize
390 2840
criteria
390 2840
comments
392 2663
days
393 443 1030 1061 1150 1179 1568 2249 2687 2842
m
393 424 1528 1947 2490 2687
bouquets
393 2687
twitter
394
max
395 444 596 618 740 809 869 953 973 1027 1193 1291 1386 1394 1410 1526 2017 2128 2174 2253 2275 2321 2379 2448 2533
chunks
395 1027 2379
wraparound
396 1864
earliest
397 2574
day
397 519 538 1034 1385 1894 2086 2574 2676
based
398 832 1907
hamming
399 610 1099
getting
401
fresh
401
donuts
401
completing
402
bitset
403 2019
pizza
404 1533
3n
404
vii
405 1952
white
406 1785 2089 2787
tiles
406 1785 2089 2787
covered
406 688 1426 2132 2146 2787
carpet
406 2787
match
407 408 803 2256 2428
redundant
409 884 1983 2558
connection
409 884 1983 2558
move
410 494 731 1067 1318 2058 2470 2609 2658
obtain
410 1157 1559 2223 2727
reorganize
412 2286
article
414
views
414
i
414 443 454 479 604 657 746 820 1096 1145 1347 1522 1781 2216 2392 2619 2732 2760
atoms
415
unguarded
416
cells
416 628 655 1597 1692 1717 2229 2380 2629
sub-folders
417 2280
filesystem
417 2280
salary
418 418 747 1141 1226 1439 2093 2327 2327 2512
excluding
418 2327
lattice
420 2405
inside
420 1578 1810 2355 2390 2405
position
421 594 659 880 1067 1467 2020 2058 2120 2580
unequal
422 513 2388 2478
substitutions
425
managers
426 1746
least
426 480 499 897 924 1118 1128 1749 1767 1843 1906 1933 2267 2571
5
426 950 1310 2153
direct
426
reports
426
changing
427 1386 1940 2128
course
431 778 1185 1382 1467 2020 2052 2566 2568
schedule
431 778 1185 1382 2052 2566 2568
iv
431 488 962 1120 1202 1253 1304 1352 1409 1603 1939 2547 2566 2628 2816
transform
432 500 2060
chessboard
432 756 854 1854 2060
occurrence
433
k-subarray
435 2169
sums
435 653 826 845 1806 1862 2169 2361 2711 2797
simple
436
bank
436 1164 1371 1639 1871 2705
system
436 640 651 1644 1657 1671 2193 2359 2708
soup
438
servings
438
alphabet
439
board
439 1173 1576 2184 2717
genetic
441 584 1850 1953
append
442 1333 2726
user
443
activity
443
past
443
30
443
symbol
445
grammar
445
4sum
446 1494 2283 2485
players
448 589 1476 1958 2332 2829
trainers
448 2829
non-overlapping
449 548 623 1197 1397 1779 2165 2653
schemes
450 2366
successful
451
spells
451
potions
451
intersection
453 1047 1302 1740 1767 1843 2178 2190 2385
market
454 2216
analysis
454 820 1409 2216 2760
deque
455 2847
dividing
456
shifting
458 856
frog
460 659 1555 2510 2580 2800
bit
462 1896
flips
462 662 947 1896 2071 2572
base
463 503 1024 1407 1817 1977 2239 2791
allocate
464
mailboxes
464
ladder
465 514 1826
build
466 508 1381 1753 2438 2733
where
466 519 538 562 1135 1894 2086 2438 2644
you
466 519 538 586 1039 1091 1157 1319 1386 1894 2086 2128 2438 2727 2748
exactly
466 880 1445 2438
comparisons
466 2438
say
467
keyboard
468 621 1989
multiply
469
components
470 755 1257
combination
471 556 964 1265 1304 1510 2205 2735 2833
climbing
472 1129 2649
stairs
472 1129 2649
populating
473 1321 2300
pointers
473 1321 2300
area
474 506 543 701 869 882 1334 1433 2138 2174 2221 2281 2303 2440 2590 2635
piece
474 2138
cake
474 2138
horizontal
474 2138
vertical
474 2138
modify
475 2813
edge
475 1419 1560 2450 2813
weights
475 2813
boomerang
476 1831
balance
478
actors
480
directors
480
who
480 620 1084 1287 1688 2539 2550 2747
cooperated
480
clumsy
481
multiple
483 826 1047 1565 2107 2324 2385 2711
2-row
485
excel
486 628 811 2611
sheet
486 628 811 2611
column
486 811 1015 1019 1036 1517 1598 2299 2611
removals
487 583 924 1037 2076 2267
spiral
488 745 1208 1626 2001
relative
489 1558 2597
ranks
489 2597
observations
490
parity
491 774 804 2319
losers
493
their
494 1484 1746 2620 2658
location
494 2658
swim
495
rising
495 1270
3sum
496 767 1686 2087 2117
twice
499 1071 1933
others
499 1933
over
500
width
501 792
columns
501 688 1719 1829 2146
-2
503 2239
daily
504 1700
leads
504
partners
504
cycle
505 627 894 1236 1815
triangle
506 587 873 887 1063 1373 1949 1970 2383 2590 2623
end
507
falling
509 737 1044 1054
mode
510
candies
511 586 714 721 1200 1357 2144 2180
allocated
511
cracking
512
safe
512 1525
earnings
515 2577
taxi
515 2577
varying
516
non-increasing
518 2721
still
519 1894
immediate
520
delivery
520 582 2527
sudoku
521 579 2457
solver
521
friends
523 878 1084 2539
appropriate
523
ages
523
1d
524 905 2049 2270
ascii
525
distribution
529
cookies
529 959 2715
prefixes
532 1631 2260 2407
neighbors
534 1444 2054
resultant
537 2460
have
538 1230 1800 1956 2086
been
538 2086
rooms
538 1041 1803 2086
letter
539 675 996 1053 1071 1097 1192 1314 1491 1590 1828 1918 2101 2401 2486
rectangle
540 572 638 641 882 1239 1334 1375 1410 1433 1516 2195 2221 2281 2302 2635 2685 2802
compression
541
bounded
542 560 1001 2105 2435
surface
543 2303
3d
543 701 2303 2440
shapes
543 701 2303 2440
create
544 671 1223 1257 1295 2077 2371
deepest
547 1819
sub-arrays
548
adjacent
549 773 805 875 1296 1557 1713 1734 1754 2264 2308 2311 2647 2740
airplane
552 2471
seat
552 569 1066 1756 1847 2398 2471
assignment
552 2471
great
553
partitions
553 1309 2507
hidden
554 841 2268
ordered
557 2091
odd
565 739 948 980 1154 1323 1326 1717 1800 2085 2141 2200 2201 2565
squares
568 641 737 1418 1710
cinema
569
allocation
569
teach
571 2090
widths
573
predict
574 1901
ors
576
hashset
581
pickup
582 597 1712 2527
options
582 2527
mutation
584 1850
garden
585 2680
perimeter
585 1217 2680
enough
585 2680
losses
589 2332
step
592 592 2006 2006
increase
596 2321
skyline
596 1412 2114 2321
cherry
597 1712
building
598 1012 1496 2337
inorder
599 710 1452
postorder
599 923 1411 1691 2493 2789
partitioning
600 962 1505 1552 1804 1935 1976 2816
repair
603 2831
cars
603 835 2784 2831
root
608 901 992 1481 1891 2035
leaf
608 806 992 2035
coordinate
609 2582
deviation
612 1975
reduce
613 967 1616 1620 1913 2511 2841
representation
613 629 971 2080 2109 2511
take
614 986
balanced
616 625 754 989 1153 1286 1663 1825 1852 2167 2431 2689
infected
617 2830
equation
618 1000 1446 2530
rows
619 688 2146
customers
620 1688 2747
never
620
2
621 1789 1920 1989
isomorphic
626 2005
set
629 1105 1134 1159 1401 1767 1784 1843 2109 2265 2313 2697
snail
630
place
632 766 1674 1879 2236 2679
houses
632 2679
task
633 1262 1676
scheduler
633 1676
jug
634 2220
problem
634 1412 2114 2220
zigzag
635 942 1004 1057 1581 1898 2142 2451 2695
defuse
637 2115
bomb
637 2115
overlap
638 892 2195 2551
forest
639 1283 1876 2736
suggestions
640 2359
fewest
641
reducing
642
dishes
642
lists
643 997 1107 1244 1302 1574 2247 2342 2508
mini
644 2739
parser
644 1149 1218 2037 2739
skiplist
645 2837
bags
646 1181 2559
capacity
646 1061
rocks
646
coloring
647 1303
contain
649 2515
virus
649 2515
walking
650
simulation
650 1429 2537
file
651 762 1204 1343 1948 2193
price
654 784 907 1143 1168 1792 2386 2410 2707
edges
656 1291 1642 2160
degrees
656 2160
uncommon
657 720 1554 2028 2732
quality
658 2654
percentage
658 1491 2654
t
659 2580
seconds
659 2580
pacific
660
atlantic
660
flow
660
square-free
661
b
662 2071
c
662 2071
submatrices
666 716
sold
667 2382
date
667 1792 2382 2386
dictionary
668 849 1131 1443 2188 2362
scramble
669
spent
670 1179 2842
hello
671
world
671
1-bit
673 2475
2-bit
673 2475
median
677 750 1711 1778 2118 2742
counter
678 1783 2422
fruit
679 2569
baskets
679 2569
chunk
680 2555
complementary
681
enclaves
682
operators
683
summing
684 2455
interchangeable
686
uncrossed
687 1848
parallel
690 896 2415
courses
690 896 2415
immutable
691 1493 2585 2657
paint
692 985 2631
weight
694 1643 1672 2103 2406
positions
696 1468 2237 2304
k-diff
698 2073
spaces
699 1355 2745
projection
701 2440
competitive
702
getrandom
704 795 1936 2762
o(1)
704 795 1936 2762
allowed
704 1936
reachable
705 741 1059 2443
subdivided
705 2443
primes
706
id
707
identifier
707
pens
709
pencils
709
detonate
711
bombs
711
ice
713 1921
cream
713 1921
bars
713 1921
increment
716 1451 1775 1872 2766
k-distant
717
trie
719 1932
(prefix
719 1932
tree)
719 1932
kids
721 2144
bag
722
tokens
722
container
724 1644 2464
enemy
725
forts
725
captured
725
cheapest
728
flights
728
transaction
730
fee
730
arrangements
733 2746
division
734 1340 1929 2057
stickers
736 2618
spell
736 2618
nim
738 2543
k-sum
740 1274 1842 2253
restrictions
741
loud
742 1968
rich
742 1968
subdomain
744 2350
choose
746
backspace
751
compare
751 917 1040 2344
contains
752 1015 1165 1370 1380 1835 2219 2299 2420
stamping
753 1420 2668 2788
swaps
754 774 916 1479 1537 1647 1713 1734 2171 2264 2491 2666 2689
determine
756 815 911 1230 1237 1956 2513 2701
color
756 1296 1444
key
758 1152 1346 2022 2062
hills
760 2194
valleys
760 2194
hash
763 1960
double
764
reversal
764
only
765 2587
stay
766 1879
some
766 1879
multiplicity
767 2087
k-similar
768 2278
filter
772 2397
flower
773 2647
planting
773 2647
no
773 1410 1665 2647
neighboring
776
illumination
777
bulls
779
cows
779
rank
780 926 981 2276 2630
needed
781 1022 1881 2402
inform
781 2402
interleaving
782 2603
tenth
783 2306
line
783 831 998 1193 2306
trips
784 1114 1588 1859 2648
jumps
786 1087 2212
home
786
zeros
787 885 1036 1908 2088
?'s
789
avoid
789 1101
cat
791 1515 1827 2234
mouse
791 1515 1827 2234
farmland
794 1966
discount
796 1357 1685 1769 2061 2180 2326
prices
796 1685 2326
advantage
799 2026
shuffle
799 1035 1240 1992 2026 2645
repeat
800 1875
capital
801 1349 1662
gain/loss
801
lr
805
impossible
807 1729 2520 2595
rolls
807 1043 1878 2595
goat
808 2598
latin
808 2598
second
812 1147 1226 2301 2512
halves
815 2701
alike
815 2701
bulb
816 1133 2083
switcher
816 1133 2083
play
820 1409 2760
contiguous
823 2206
tic
825
tac
825
toe
825
naming
827
it
831 1619
straight
831
statements
832
scheduling
833 850 2191 2462
its
834 1791 2068 2242
illegal
835 2784
goods
835 2784
ransom
836 2703
note
836 2703
replacing
841 1082 1938
superstring
842
tuple
843 2339
cities
844
removal
845 969 1209 1862 1909
removed
847 1019 2151
email
848 2078
addresses
848 1602 2078
edits
849
job
850 2191
there
852 1080 1259 2098
knight
854 866 1151 1854
remapping
855 1883
(atoi)
858
recipes
860
supplies
860
wrapper
862 2463
appear
863 1071 2606
uni-value
865
dialer
866
information
867 1425 2799
repetitions
868
p
870
differences
871 1363 2528
fix
872 2795
names
872 1343 1948 2795
pascal's
873 1373 2383
koko
874 2266
eating
874 2266
bananas
874 2266
election
876 1950
unhappy
878
watch
879
sender
881 1919
marked
883 2690
cornered
885 1908
tracker
888 926 2124
artifacts
890 2094
extracted
890 2094
palindromes
891 2509
finding
893 1125 1994 2246
users
893 1588 1859 2246
active
893 2246
minutes
893 2246
form
895 1276 1460 1659 1832 2034 2147
up
895 1062 2147
condition
898
01
902 2254
tic-tac-toe
904 2419
state
904 2419
running
905 1751 2049 2525
ranked
907
moving
908 1187 2208
stones
908 963 1019 1187 1744 2208
until
908 1187 2208
calculator
909 1202 1238 1435 1951 2173 2187
ancestors
910
directed
910
acyclic
910
close
911
preimage
913 2048
limited
914 1419 2450
simplified
915 2230
fractions
915 2230
lemonade
918 1996
beauty
921 1645 1690 2063 2100
sequentially
926
ordinal
926
rings
927
rods
927
exam
931 1130 2516
room
931 1731 2516
triplet
933
execution
934
suffix
934 1072 2696
instructions
934
staying
934
process
935
per
935
machine
935 940 2579
space
936 2777
wasted
936 2777
resizing
936 2777
separate
939 1660
atm
940 2579
loop
941 2605
decrease
942 2142
negative
944 1261 1628 1791 2068 2334 2391 2844
local
946 1003
subrectangle
949 2796
invited
952 2642
meeting
952 1041 2642
car
954 1092 2412 2601
fleet
954 2601
uploaded
955
factor
956 2683
assign
959 2715
editor
961 2458
events
965 1230 1956
attended
965
transformation
967 2841
different
968 1162 1190 1201 1557 1684 1824 2349 2613 2740 2807
obstacle
969 1467 2020
corner
969
topmost
970 2505
powers
974 2792
accounts
975
unable
976 2328
eat
976 1030 1091 2328
lunch
976 2328
plus
978 1507
teams
981 1476 1527 1958 1969 2276
votes
981 2276
combine
984
tables
984

985
3
985 1779
gifts
986
pile
986
diff
988
numerically
989 1825
arranging
990
coins
990 1088 1319 1561 2748
tweets
991 2051
combinations
996 1520 2245
phone
996 1048 1629 1911 2312
represent
998
chart
998
power
999 1285 1424 1541 1653 1789 1920 2322 2612
solution
1000
additions
1002 1925
global
1003
inversions
1003
reveal
1005 2514
cards
1005 1062 1157 1215 2514 2727
finish
1007 1562 1677 1702 2757
race
1007 1092 2412
mutated
1008 1902
visiting
1009 1765 1982 2819
costs
1010 2523
harmonious
1013
every
1015 1769 2061 2299
decreasing
1016 1070 2604
rearranging
1016 1802
destroying
1017
asteroids
1017
type
1020 2136
typewriter
1020 2136
obstacles
1021 2235
elimination
1021 1317 2235 2353
complement
1024 1431 2341 2791
10
1024 2791
pow(x,
1025 2289
n)
1025 2289
bottom
1026 2498
champagne
1028 2594
tower
1028 2594
oranges
1030
parts
1031 1736 1796 2395 2803
new
1032
21
1032
matchsticks
1033 2320
week
1034
segment
1037
lucky
1038 1248 2131
weeks
1039
which
1039 1456
bipartite?
1042
dice
1043 1429 1878 2537
bricks
1044
when
1044 1518 2444
hit
1044
divisor
1046 1139 1640 2602
optimal
1050 1340 2057 2608
monotonic
1051
obtained
1053 1103
favorite
1055 1091 1091 2693
companies
1055 2693
another
1055 1222 1563 2150 2316 2693
o`one
1056
structure
1056 1175 2040
conversion
1057 1898
ship
1061
packages
1061
d
1061
judgement
1063 2623
dining
1064 2556
philosophers
1064 2556
open
1065 2284
lock
1065 2284
everyone
1066 1847
chips
1067 2058
corridor
1068 2113
roman
1076 1500 2143
except
1077
bitwise-or
1078
floors
1079 1079
without
1079 1614 1814
friend
1084 2539
requests
1084 2539
ii:
1084 2539
k-group
1085
sideway
1087 2212
piles
1088
jumbled
1090 2779
your
1091 1091
day?
1091
fish
1093
snapshot
1094 2157
truncate
1095
equalize
1097 1918
rearranged
1100 1863
flood
1101 1780
escape
1102 1163 1473 2646
maze
1102
placed
1104
crossword
1104
mismatch
1105 2265
corresponding
1106
divisions
1109 2331
exchange
1111 2776
seats
1111 2776
hire
1113 1748 1930
workers
1113 1748 1930
insertion
1122
strong
1124 1432 1865 2290
password
1124 1432 1865 2290
checker
1124 1432 1865 2290
mk
1125 1994
marking
1126 1886
zero-filled
1127 2298
1's
1128 1537 1656 2571 2666
places
1128 2571
away
1128 2571
confusion
1130
through
1131 2362
deleting
1131 1656 1801 2362 2806
will
1135
ball
1135
fall
1135
triangular
1137
fill
1138 1780 2643
cups
1138 2643
chosen
1140 2626
132
1142
fluctuation
1143 2410
puzzle
1144 1254 2437
student
1145 1191 2373
attendance
1145 1191 2373
record
1145 1191 2373
goal
1149 2037
interpretation
1149 2037
dates
1150
tour
1151
configuration
1151
following
1152 2022
inverse
1155 2790
cut
1156 2720
off
1156 2720
golf
1156 2720
pyramid
1160
transition
1160
v
1161
spreading
1163 2646
fire
1163 2646
leetcode
1164 1871
handling
1166
update
1166
importance
1167 1624 2798
weighted
1169 2050
subgraph
1169 2050
required
1169 1523 2050
hexadecimal
1170 2774
lowest
1171 1730 1807 1819 2126
ancestor
1171 1174 1531 1730 1819 2008 2126 2607
promise
1176
followers
1177
solving
1178 1504 2384
questions
1178
brainpower
1178
together
1179 1537 2666 2842
put
1181 2559
marbles
1181 2559
music
1186 2723
playlists
1186 2723
view
1189 1965
gcds
1190 1824
k-length
1192 2401
logical
1195
grids
1195
represented
1195
quad-trees
1195
greatness
1199
wear
1201 2349
hats
1201 2349
other
1201 2349
basic
1202 1238 1435 1951 2173
transpose
1204 1787 2656
cancellable
1205 1998
altitude
1207 1922
lengths
1211 2534
excellent
1214 1946
x
1215 1620
kind
1215
deck
1215
servers
1216
communicate
1216
html
1218
entity
1218
popular
1220 2810
video
1220 1627 2501 2810
creator
1220 2810
descriptions
1223 2371
crawler
1225 2499
log
1225 1704 2499 2754
folder
1225 2499
conflict
1230 1956
concatenated
1231 1440 2839
rand10()
1235 2183
rand7()
1235 2183
bowling
1237 2513
snakes
1241 2731
ladders
1241 2731
frogs
1242
croaking
1242
texts
1243 1860
covering
1244 1785 2089
dna
1246 2794
gray
1250
code
1250 1474
identical
1251 2029
non
1261 2844
worked
1262
descending
1264 2469
invert
1267
temperature
1270 1521
card
1271 2494
fixed
1275 1544
subtract
1278 2387
expressive
1279
xored
1280 1413 2203 2343
dungeon
1281 2232
orderly
1282
rabbits
1283 1876
streak
1284 2307
but
1287 2550
did
1287 2550
wildcard
1288 2182
submatrix
1290 2755
rearrangements
1290 2755
fully
1291
traversable
1291
backlog
1292
aware
1293 2336
secret
1293 2336
multiples
1294
peeking
1298
border
1303
edit
1305 2185
happiness
1306
decoded
1308 2459
classes
1310 2153
more
1310 1528 1575 1746 1947 2153 2227
arrows
1311 2365
toeplitz
1313
upper
1314 1828
queens
1315 2021
attack
1315 2021
king
1315 2021
progression
1316
legal
1318 2609
independently
1323 2201
hashmap
1324 2378
calls
1327 1453 1833 2749
refueling
1328
reshape
1329 2347
symmetric
1331 2044
minimal
1333
collisions
1335 1763 2250
road
1335
matches
1336 2750
tournament
1336 2750
pseudo-palindromic
1338 2783
empty
1341
roads
1342 1624 2209 2798
labels
1344 2065
license
1346
formatting
1346
fuel
1349
report
1349 1456
mice
1353 2472
cheese
1353 2472
watering
1354 2434
plants
1354 2434
buying
1357 2180
reformat
1361 1465 1629 2312 2624
tag
1362
validator
1362
codes
1370 1835
account
1371
stacking
1374 2675
cuboids
1374 2675
histogram
1375 2802
foobar
1377 1926
alternately
1377 1926
placing
1378 2291
push
1379 2588
dominoes
1379 2588
such
1384
year
1385 2676
strength
1389 2627
wizards
1389 2627
regular
1390 2827
russian
1391 2046
doll
1391 2046
envelopes
1391 2046
select
1393 2352
buildings
1393 2352
dot
1394
xor-beauty
1396 1962
waiting
1400 2139
cooking
1401 2313
thousand
1403 2575
separator
1403 2575
hourglass
1404 2436
occurs
1405
sightseeing
1406
7
1407
couples
1408 2637
holding
1408 2637
hands
1408 2637
larger
1410
stars
1414 2243
reaching
1417 1910
detect
1418 1528 1661 1662 1947
checking
1419 2450
existence
1419 2450
generator
1422 2045
heroes
1424
masking
1425 2799
personal
1425 2799
destroy
1428 2423
targets
1428 2423
colored
1444 1597 2380
both
1444
solve
1446 2530
defanging
1450 2025
recent
1453 1833
delayed
1454
arrival
1454
abbreviating
1459 1979
k-concatenation
1461 2430
egg
1462 2650
drop
1462 2650
rope
1464
colorful
1464
memory
1472 2130
allocator
1472 2130
ghosts
1473
morse
1474
skill
1476 1958
increments
1477 2815
life
1482 1937
a's
1485
appears
1485
before
1485 1523
b's
1485
sets
1487
swapping
1488
custom
1492 1508 2522
h2o
1496
parenthesis
1497
they
1501
belong
1501
math
1504 2384
context
1508 2522
fruits
1509 1802 2309
harvested
1509 2309
short
1511 2765
encoding
1511 2765
ambiguous
1513
coordinates
1513
becomes
1518 2444
idle
1518 2444
asterisks
1519
monthly
1522
leaves
1524 1819 1885
eventual
1525
states
1525
built
1529 2591
mutable
1530
doing
1532
homework
1532
cutting
1533
operating
1534 2713
centennial
1534 2713
wheel
1534 2713
outermost
1536 1840
dinner
1538
plate
1538
stacks
1538 1680 1931
pangram
1542 2752
bounds
1544
entering
1545 2615
out
1547 1648 2678
subtrees
1548 2181
doubled
1549 2610
deci-binary
1552 1976
disconnect
1553 1568 2249
sentences
1554 1572 2028
smoother
1556 1858
sessions
1562
zuma
1566 1869
truck
1567 1895
sufficient
1569 1880
verify
1570 2296
serialization
1570 2296
appearing
1575 2227
25%
1575 2227
battleships
1576 2184
darts
1578 2390
dartboard
1578 2390
rotation
1580 2238
labelled
1581
archery
1583 2279
lru
1589 2079
concatenating
1590 2101
dota2
1591 2023
senate
1591 2023
completely
1598
painted
1598
minesweeper
1601
parsing
1604
sqrt(x)
1606 2684
24
1608 2257
bracket
1609
patching
1610
non-negative
1614 1696
0
1616 1913
pairings
1617
x-matrix
1622
stitching
1627 2501
numeric
1630 2172
object
1632
instance
1632
class
1632
1-bordered
1635
laser
1639 2705
beams
1639 2705
critical
1642 1747
pseudo-critical
1642
spanning
1642
gardens
1645
transformable
1646
boundary
1648
special-equivalent
1649 2670
examinations
1651 2542
unreachable
1652 1844
undirected
1652 1844
underground
1657
cycles
1661
satisfying
1664 1870
inequality
1664 1870
burgers
1665
waste
1665
ingredients
1665
exclusive
1669 2502
functions
1669 2502
rating
1671 2708
chalkboard
1673 2778
smooth
1675 2655
descent
1675 2655
periods
1675 2655
initial
1677 2757
energy
1677 2757
meals
1678
deletion
1683 2818
shift
1687 2578
bought
1688 2747
encrypt
1689 2158
decrypt
1689 2158
throne
1694
inheritance
1694
referee
1698
temperatures
1700
jobs
1702
files
1704 2754
k-increasing
1706 1980
subtracting
1708
amounts
1708
representing
1709
composition
1721 2496
leaf-similar
1722 2125
minimums
1725 2541
how
1728 2706
many
1728 2706
current
1728 2706
lonely
1732 2364
heaters
1741 2222
single-threaded
1742
cpu
1742
map
1743
jewels
1744
n-th
1745
tribonacci
1745
earning
1746
connections
1747
additive
1750
computers
1751 2525
counts
1755 1800 2724
reservation
1756 2398
monkeys
1763 2250
span
1772 2808
erasure
1776 2159
punishment
1777 2596
infinite
1784 2697
carpets
1785 2089
replacements
1786 2097
strongest
1788 2376
reordered
1789 1920
chunked
1793
decomposition
1793
itinerary
1799
ends
1801 2806
corporate
1805
flight
1805
bookings
1805
human
1816 2095
traffic
1816 2095
stadium
1816 2095
erect
1820
fence
1820
weak
1821 2737
